b
0 0 0 0 0 0 0 0 0 0 0 0 0 0 0 0 0 0 0 0 e
0 0 0 0 0 0 0 0 0 0 0 0 0 0 0 0 0 0 0 0 e
0 0 0 0 0 0 0 0 0 0 0 0 0 0 0 0 0 0 0 0 e
0 0 0 0 0 0 0 0 0 0 0 0 0 0 0 0 0 0 0 0 e
0 0 0 0 0 0 0 0 0 0 0 0 0 0 0 0 0 0 0 0 e
0 0 0 0 0 0 0 0 0 0 0 0 0 0 0 0 0 0 0 0 e
0 0 0 0 0 0 0 0 0 0 0 0 0 0 0 0 0 0 0 0 e
0 0 0 0 0 0 0 0 0 0 0 0 0 0 0 0 0 0 0 0 e
0 0 0 0 0 0 0 0 0 0 0 0 0 0 0 0 0 0 0 0 e
0 0 0 0 0 0 0 0 0 0 0 0 0 0 0 0 0 0 0 0 e
0 0 0 0 0 0 0 0 0 0 0 0 0 0 0 0 0 0 0 0 e
0 0 0 0 0 0 0 0 0 0 0 0 0 0 0 0 0 0 0 0 e
0 0 0 0 0 0 0 0 0 0 0 0 0 0 0 0 0 0 0 0 e
0 0 0 0 0 0 0 0 0 0 0 0 0 0 0 0 0 0 0 0 e
0 0 0 0 0 0 0 0 0 0 0 0 0 0 0 0 0 0 0 0 e
0 0 0 0 0 0 0 0 0 0 0 0 0 0 0 0 0 0 0 0 e
0 0 0 0 0 0 0 0 0 0 0 0 0 0 0 0 0 0 0 0 e
0 0 0 0 0 0 0 0 0 0 0 0 0 0 0 0 0 0 0 0 e
0 0 0 0 0 0 0 0 0 0 0 0 0 0 0 0 0 0 0 0 e
0 0 0 0 0 0 0 0 0 0 0 0 0 0 0 0 0 0 0 0 e

t
5 4 4 4 4 4 4 4 4 0 0 4 4 4 4 4 4 4 4 4 e
1 0 0 0 0 0 0 0 0 0 0 0 0 0 0 0 0 0 0 1 e
1 0 0 0 0 0 0 0 0 0 0 0 0 0 0 0 0 0 0 1 e
1 0 0 0 0 0 0 0 0 0 0 0 0 0 0 0 0 0 0 1 e
1 0 0 0 0 0 0 0 0 0 0 0 0 0 0 0 0 0 0 1 e
1 0 0 0 0 0 0 0 0 0 0 0 0 0 0 0 0 0 0 1 e
1 0 0 0 0 0 0 0 0 0 0 0 0 0 0 0 0 0 0 1 e
1 0 0 0 0 0 0 0 0 0 0 8 0 8 0 0 0 0 0 1 e
1 0 0 0 0 0 0 0 0 8 0 8 0 0 0 0 0 0 0 0 e
1 0 0 0 0 0 0 0 0 0 0 0 0 0 0 0 0 0 0 0 e
1 0 0 0 0 0 0 0 0 0 0 0 0 0 0 0 0 0 0 1 e
1 0 0 0 0 0 0 0 0 0 0 0 0 0 0 0 0 0 0 1 e
1 1 1 0 0 0 0 0 0 0 0 0 0 0 0 0 0 0 0 1 e
0 0 0 0 0 0 0 0 0 0 0 0 0 0 0 0 0 0 0 1 e
0 0 0 0 0 0 0 0 0 0 0 0 0 0 0 0 0 0 0 1 e
1 0 0 0 0 0 0 0 0 0 0 0 0 0 0 0 0 0 0 1 e
1 0 0 0 0 0 0 0 0 0 0 0 0 0 0 0 0 0 0 1 e
1 0 0 0 0 0 0 0 0 0 0 0 0 0 0 0 0 0 0 1 e
1 0 0 0 0 0 0 0 0 0 0 0 0 0 0 0 0 0 0 1 e
5 4 4 4 4 4 4 4 4 0 0 4 4 4 4 4 4 4 4 5 e