b
4 0 0 0 0 0 0 0 0 0 0 0 0 0 0 0 0 0 0 4 e
0 0 0 0 1 0 0 0 0 0 0 0 0 0 0 0 0 0 0 0 e
0 0 0 0 0 0 0 0 0 2 0 0 0 0 0 0 0 0 0 0 e
0 0 0 0 0 0 0 0 0 0 0 2 0 0 0 0 0 0 0 0 e
0 0 0 0 0 1 0 0 0 3 0 0 0 3 0 0 0 0 0 0 e
0 0 0 0 0 0 0 0 0 0 0 0 0 0 0 0 0 0 0 0 e
0 0 0 0 2 0 0 0 0 0 0 3 0 0 0 0 0 0 0 0 e
0 0 0 0 0 0 0 0 0 1 0 0 0 0 0 0 0 0 0 0 e
0 0 0 0 0 0 0 0 0 0 0 0 0 0 0 0 0 0 0 0 e
0 0 0 0 0 0 0 0 0 0 0 0 0 0 0 0 0 0 0 0 e
0 0 0 0 0 0 0 0 0 0 0 0 0 0 0 0 0 0 0 0 e
0 0 0 0 0 0 0 0 0 0 0 0 0 0 0 0 0 0 0 0 e
0 0 0 0 0 0 0 0 0 0 0 0 0 0 0 0 0 0 0 0 e
0 0 0 0 0 0 0 0 0 0 0 0 0 0 0 0 0 0 0 0 e
0 0 0 0 0 0 0 0 0 0 0 0 0 0 0 0 0 0 0 0 e
0 0 0 0 0 0 0 0 0 0 0 0 0 0 0 0 0 0 0 0 e
0 0 0 0 0 0 0 0 0 0 0 0 0 0 0 0 0 0 0 0 e
0 0 0 0 0 0 0 0 0 0 0 0 0 0 0 0 0 0 0 0 e
0 0 0 0 0 0 0 0 0 0 0 0 0 0 0 0 0 0 0 0 e
4 0 0 0 0 0 0 0 0 0 0 0 0 0 0 0 0 0 0 4 e

t
5 4 4 4 4 4 4 4 4 0 0 4 4 4 4 4 4 4 4 5 e
1 0 0 0 0 0 0 0 0 0 0 0 0 0 0 0 0 0 0 2 e
1 0 0 0 0 0 0 0 0 0 0 0 0 0 0 0 7 0 0 2 e
1 0 0 0 0 0 0 7 0 0 0 0 0 0 0 0 0 0 0 2 e
1 0 0 0 0 0 0 0 0 0 0 0 7 0 0 0 0 0 0 2 e
1 0 0 0 0 0 0 0 0 0 9 0 0 0 0 0 0 0 0 2 e
1 0 0 0 6 6 0 9 0 0 0 0 0 0 0 0 0 0 0 2 e
1 0 0 0 6 6 0 6 0 0 0 8 0 8 0 0 7 0 0 2 e
1 0 0 0 6 6 6 6 0 8 0 8 0 0 0 0 0 0 0 2 e
1 0 0 0 0 6 6 6 0 0 10 0 0 0 0 0 0 0 0 2 e
1 0 0 0 6 6 0 0 0 0 0 0 0 0 0 0 0 0 0 2 e
1 0 0 0 0 0 0 0 0 6 0 0 0 0 0 6 6 0 0 2 e
1 0 0 0 0 0 0 0 0 0 0 0 0 6 6 6 6 6 0 2 e
0 0 0 0 0 0 0 0 0 0 0 0 0 6 6 6 6 6 0 0 e
0 0 0 0 0 0 0 0 0 0 0 0 0 0 0 6 6 0 0 0 e
1 0 0 0 0 0 0 0 0 0 0 0 0 0 0 0 0 0 0 2 e
1 0 0 0 0 0 0 0 0 0 0 0 0 0 0 0 0 0 0 2 e
1 0 0 0 0 0 0 0 0 0 0 0 0 0 0 0 0 0 0 2 e
1 0 0 0 0 0 0 0 0 0 0 0 0 0 0 0 0 0 0 2 e
5 4 4 4 4 4 4 4 4 4 0 4 4 4 4 4 4 4 4 5 e